0 10/43/31 1 0 0 0 -1.62012 0.031508 0.371784 0.071516 -0.510575 -0.013013
0 10/43/31 0.999999 0.000971103 0.00110833 -0.000898269 -1.59506 -0.043312 0.325936 0.074867 -0.50448 -0.0126
0 10/43/31 0.999998 0.00140046 0.00115557 -0.000716246 -1.60422 0.0100437 0.327388 0.07551 -0.510469 -0.014652
0 10/43/31 0.999997 0.000978273 0.00227709 0.000120756 -1.67372 0.0262545 0.334755 0.070668 -0.515809 -0.012553
0 10/43/31 0.999996 0.00154004 0.00246505 0.000427619 -1.65832 0.0501753 0.288844 0.070977 -0.516016 -0.013229
0 10/43/32 0.999993 0.00266693 0.00235182 0.000944642 -1.57485 0.0575035 0.279641 0.066892 -0.51315 -0.016026
0 10/43/32 0.999992 0.00310976 0.00244701 0.000211438 -1.68938 0.0638117 0.282664 0.067802 -0.522446 -0.015542
0 10/43/32 0.999964 0.00671523 0.00510028 0.00040967 -1.60908 -0.0330847 0.303591 0.070785 -0.509932 -0.014526
0 10/43/32 0.999964 0.00791817 0.00302867 -8.69308e-05 -1.81799 -0.0735918 0.205387 0.078899 -0.531585 -0.014621
0 10/43/32 0.999939 0.00783379 0.00601279 0.00502205 -1.68638 0.117311 0.172591 0.054967 -0.523966 -0.015703
0 10/43/32 0.999846 0.0120003 0.00740489 0.0104446 -1.66696 0.105587 0.0908854 0.054001 -0.529498 -0.01984
0 10/43/32 0.999795 0.0155419 0.0076582 0.010466 -1.65129 0.0996866 -0.0833868 0.054167 -0.533794 -0.021118
0 10/43/32 0.999807 0.0152143 0.00784307 0.00966274 -1.56116 0.0989725 -0.220787 0.054638 -0.534095 -0.023962
0 10/43/32 0.999827 0.0129672 0.00980203 0.00902546 -1.40963 0.132647 -0.111894 0.047729 -0.524376 -0.024194
0 10/43/32 0.999911 0.00921977 0.00769609 0.00583615 -1.38555 0.158059 0.0394273 0.043506 -0.522447 -0.026031
0 10/43/33 0.999959 0.00818777 0.00244177 0.00312005 -1.31397 0.0461386 -0.215187 0.056207 -0.52544 -0.02976
0 10/43/33 0.99998 0.00482272 -0.000964654 0.00397456 -1.10486 0.0575325 -0.349416 0.053153 -0.513064 -0.032469
0 10/43/33 0.999963 -0.00281893 -0.00262683 0.00773407 -1.08032 0.144605 -0.159581 0.047285 -0.517633 -0.033453
0 10/43/33 0.999862 -0.0039919 -0.0035386 0.0157453 -0.989314 0.236957 -0.353965 0.042875 -0.50786 -0.035713
0 10/43/33 0.999783 -0.00594348 -0.00341214 0.0196502 -1.01649 0.222793 -0.420969 0.038918 -0.5139 -0.037927
0 10/43/33 0.999613 -0.00652449 -0.00562523 0.0264609 -0.929544 0.27546 -0.407265 0.035939 -0.509836 -0.041082
0 10/43/33 0.999477 -0.00725333 -0.00908548 0.0301723 -0.867109 0.269266 -0.324814 0.035706 -0.50168 -0.041542
0 10/43/33 0.999391 -0.00707331 -0.0120014 0.0319982 -0.836307 0.174063 -0.382042 0.047856 -0.499934 -0.042782
0 10/43/33 0.999195 -0.0105059 -0.0117203 0.036889 -0.859488 0.304204 -0.401118 0.032235 -0.502216 -0.042348
0 10/43/33 0.999154 -0.010675 -0.0120892 0.0378338 -0.878185 0.307608 -0.377483 0.032919 -0.506161 -0.041543
0 10/43/34 0.999251 -0.00990488 -0.0126676 0.0352116 -0.861877 0.300038 -0.409078 0.035907 -0.501324 -0.039527
0 10/43/34 0.999355 -0.00969149 -0.0132978 0.0319284 -0.846274 0.235672 -0.392103 0.041495 -0.501417 -0.039483
0 10/43/34 0.999295 -0.0097156 -0.0143356 0.03331 -0.811599 0.3214 -0.371274 0.033668 -0.502569 -0.041211
0 10/43/34 0.999281 -0.0102021 -0.0160008 0.0328258 -0.845335 0.292107 -0.415229 0.034528 -0.507464 -0.04056
0 10/43/34 0.999309 -0.011104 -0.0174157 0.0309174 -0.787736 0.340538 -0.432792 0.030442 -0.505173 -0.040261
0 10/43/34 0.999358 -0.0114851 -0.0180808 0.0287256 -0.784673 0.246385 -0.483627 0.03741 -0.502813 -0.040984
0 10/43/34 0.999335 -0.011607 -0.0183035 0.029306 -0.67916 0.318801 -0.517613 0.02973 -0.503156 -0.042029
0 10/43/34 0.9993 -0.0120096 -0.0182284 0.0303744 -0.663741 0.367612 -0.514964 0.023741 -0.493153 -0.038355
0 10/43/34 0.99927 -0.0119085 -0.0219249 0.0289158 -0.746273 0.310239 -0.729515 0.029853 -0.51017 -0.038893
0 10/43/34 0.999258 -0.0119844 -0.0219996 0.0292431 -0.812087 0.297617 -0.919347 0.031205 -0.510003 -0.037687
0 10/43/35 0.999287 -0.0130137 -0.0184967 0.0302219 -0.914365 0.239089 -1.00762 0.038364 -0.517476 -0.035394
0 10/43/35 0.999256 -0.0132588 -0.0175284 0.0316831 -0.925235 0.270123 -1.25937 0.034814 -0.524908 -0.035484
0 10/43/35 0.999259 -0.0126479 -0.0154396 0.0329008 -0.988038 0.232538 -1.53143 0.038848 -0.532547 -0.034946
0 10/43/35 0.999265 -0.0131908 -0.0125279 0.0337274 -0.983146 0.238202 -1.94472 0.035753 -0.532171 -0.034999
0 10/43/35 0.999318 -0.0122232 -0.0105008 0.0332267 -1.04292 0.302669 -2.28359 0.020933 -0.53539 -0.034758
0 10/43/35 0.999336 -0.0115129 -0.0100147 0.0330843 -1.0375 0.367187 -2.58397 0.010044 -0.538872 -0.034784
0 10/43/35 0.999353 -0.0116395 -0.0102156 0.0324555 -0.87084 0.422938 -3.18066 -0.001818 -0.511287 -0.036279
0 10/43/35 0.9994 -0.0127375 -0.0121676 0.0298125 -0.807304 0.516197 -3.57656 -0.016232 -0.494454 -0.037226
0 10/43/35 0.99944 -0.0138888 -0.0134833 0.0272819 -0.740856 0.535118 -3.93778 -0.019139 -0.487305 -0.036933
0 10/43/35 0.999483 -0.0150776 -0.0136108 0.0249421 -0.804448 0.581899 -4.24492 -0.033197 -0.490501 -0.036933
0 10/43/36 0.99951 -0.0159098 -0.014321 0.0228281 -0.794994 0.634906 -4.51943 -0.037228 -0.497763 -0.03785
0 10/43/36 0.999566 -0.0166549 -0.0136648 0.0201164 -0.701347 0.64236 -4.59208 -0.040382 -0.482498 -0.03892
0 10/43/36 0.999608 -0.0171464 -0.0146061 0.0166403 -0.733755 0.603324 -4.87997 -0.034313 -0.481829 -0.038122
0 10/43/36 0.999614 -0.0173027 -0.0158125 0.0149052 -0.909531 0.557896 -5.09776 -0.020671 -0.513558 -0.038144
0 10/43/36 0.999652 -0.0175626 -0.0122923 0.0153869 -1.05786 0.44835 -5.41609 -0.001136 -0.535605 -0.03658
0 10/43/36 0.999706 -0.0177211 -0.00592135 0.0154767 -0.915344 0.399239 -5.75984 -0.00795 -0.5127 -0.034924
0 10/43/36 0.999728 -0.018383 -0.00106276 0.0143128 -0.883402 0.431025 -5.91109 -0.022329 -0.494277 -0.036616
0 10/43/36 0.999723 -0.0188105 -0.000495112 0.0141593 -0.795478 0.549019 -6.17188 -0.041794 -0.479664 -0.036485
0 10/43/36 0.999738 -0.0185294 -0.00215561 0.0132732 -0.784999 0.561072 -6.22466 -0.04173 -0.484613 -0.0368
0 10/43/36 0.999774 -0.0174215 -0.00289881 0.0118328 -0.697393 0.520584 -6.25589 -0.03717 -0.471933 -0.039936
0 10/43/37 0.999787 -0.0161601 -0.00617796 0.0112658 -0.7956 0.430359 -6.22331 -0.015782 -0.480383 -0.043124
0 10/43/37 0.999768 -0.015549 -0.00994511 0.0111071 -0.924767 0.385839 -6.28757 0.004384 -0.509938 -0.044237
0 10/43/37 0.999754 -0.0161448 -0.00979498 0.0116366 -0.932971 0.309757 -6.26106 0.014051 -0.512117 -0.044623
0 10/43/37 0.999755 -0.0171174 -0.0085463 0.0111058 -0.922318 0.227534 -6.44747 0.028778 -0.511331 -0.045824
0 10/43/37 0.99972 -0.0180884 -0.00894284 0.0123943 -0.853485 0.202094 -6.56288 0.03265 -0.496531 -0.048045
0 10/43/37 0.999709 -0.0191874 -0.00987143 0.0107677 -0.916847 0.230177 -6.90511 0.023175 -0.508611 -0.049057
0 10/43/37 0.999666 -0.0196052 -0.0137393 0.00975692 -1.09321 0.225629 -7.10864 0.027899 -0.545879 -0.049393
0 10/43/37 0.999652 -0.0176921 -0.0153745 0.0121219 -1.54387 0.183778 -7.17669 0.047648 -0.632963 -0.047205
0 10/43/37 0.999768 -0.015723 -0.00717889 0.0128626 -1.74423 0.341762 -7.52591 0.012839 -0.65414 -0.044496
0 10/43/37 0.99981 -0.011735 0.00209508 0.0154212 -2.04872 0.441567 -7.81127 -0.013404 -0.709686 -0.04434
0 10/43/38 0.999701 -0.00378305 0.00973798 0.0220985 -2.344 0.450763 -8.05477 -0.019437 -0.747992 -0.045849
0 10/43/38 0.999435 0.00612263 0.0166649 0.0285333 -3.18214 0.648157 -7.90171 -0.045297 -0.874766 -0.044964
0 10/43/38 0.99898 0.0191273 0.0208146 0.035216 -3.74512 0.670245 -7.50373 -0.043543 -0.96163 -0.048504
0 10/43/38 0.998402 0.031117 0.0193074 0.0430299 -4.08935 0.802277 -7.37967 -0.036245 -1.01504 -0.053687
0 10/43/38 0.997939 0.0405213 0.0184567 0.0462061 -4.39439 0.974526 -7.40577 -0.056846 -1.0478 -0.051236
0 10/43/38 0.997587 0.0465217 0.0180055 0.0482794 -4.90511 1.33198 -7.68003 -0.102598 -1.10342 -0.042256
0 10/43/38 0.997282 0.0524479 0.0178159 0.0485884 -5.4552 1.66255 -8.13102 -0.149361 -1.18707 -0.036399
0 10/43/38 0.996814 0.0597177 0.0159142 0.0504303 -5.53838 1.91604 -8.28005 -0.179074 -1.19725 -0.034872
0 10/43/38 0.996396 0.0659449 0.0132327 0.0516917 -5.33997 2.10673 -8.37939 -0.205471 -1.15779 -0.030933
0 10/43/38 0.996118 0.0708093 0.010821 0.0511672 -5.43147 2.32118 -8.68463 -0.233441 -1.15835 -0.02297
0 10/43/39 0.995609 0.0784542 0.0081846 0.0504129 -5.52279 2.48218 -8.98405 -0.252166 -1.1587 -0.018229
0 10/43/39 0.995061 0.086335 0.00389279 0.0488422 -5.39647 2.40056 -9.47682 -0.225934 -1.12463 -0.014149
0 10/43/39 0.995132 0.0875322 0.00412045 0.0451024 -5.42017 2.40199 -9.97804 -0.232025 -1.118 -0.00414
0 10/43/39 0.995203 0.088338 0.00565893 0.0416535 -5.62243 2.42289 -10.4027 -0.24367 -1.1442 0.000989
0 10/43/39 0.995165 0.09016 0.00614737 0.038472 -5.62767 2.57152 -10.7594 -0.266978 -1.14593 0.002603
0 10/43/39 0.995192 0.0913382 0.00414213 0.0351215 -4.98601 2.48246 -10.8829 -0.253944 -1.01976 0.003731
0 10/43/39 0.995587 0.0895724 -0.00599604 0.0273366 -4.44729 2.15432 -10.7164 -0.189372 -0.930234 -0.004029
0 10/43/39 0.995352 0.0910124 -0.025998 0.0177656 -4.7872 1.08402 -9.14896 0.010379 -1.01224 -0.028657
0 10/43/39 0.994988 0.0917231 -0.0363643 0.0162355 -4.89125 -0.0654591 -7.11675 0.208983 -1.04988 -0.039882
0 10/43/39 0.996186 0.0814915 -0.027307 0.015038 -4.37403 -1.1085 -4.60242 0.380513 -0.998137 -0.068114
0 10/43/40 0.996373 0.0787826 -0.0231698 0.0223166 -4.02934 -1.71861 -3.16136 0.483679 -0.947005 -0.088745
0 10/43/40 0.996077 0.081212 -0.0175361 0.0304522 -3.89639 -1.6715 -2.81142 0.475624 -0.89584 -0.077033
0 10/43/40 0.996056 0.0803541 -0.00215781 0.0375735 -3.78975 -1.56263 -3.31326 0.444506 -0.860098 -0.068107
0 10/43/40 0.995915 0.0778569 0.016598 0.0426066 -3.85003 -1.42493 -3.76272 0.403009 -0.852316 -0.062155
0 10/43/40 0.995303 0.0800393 0.0291752 0.0459896 -3.95457 -1.25872 -4.15689 0.35061 -0.861382 -0.067194
0 10/43/40 0.994553 0.0840633 0.03578 0.0501777 -4.689 -1.18029 -4.80041 0.321399 -1.00839 -0.08119
0 10/43/40 0.992565 0.0948995 0.0462293 0.0605945 -5.5037 -1.06956 -5.04105 0.310969 -1.11929 -0.075205
0 10/43/40 0.989962 0.107778 0.0533076 0.0742781 -5.10102 -0.425497 -5.72564 0.22414 -1.04563 -0.077454
0 10/43/40 0.989598 0.112862 0.0466349 0.076052 -5.41656 0.056299 -6.68871 0.155992 -1.08608 -0.072297
0 10/43/40 0.989164 0.116148 0.0459601 0.0771506 -5.52803 0.929786 -8.32321 -0.010223 -1.08658 -0.056772
0 10/43/41 0.9895 0.114452 0.0438413 0.0766036 -5.03376 1.41205 -9.47549 -0.097278 -0.997825 -0.041179
0 10/43/41 0.989935 0.110659 0.0427534 0.0771698 -4.44369 1.4471 -10.4809 -0.125785 -0.891573 -0.038455
0 10/43/41 0.990106 0.107587 0.0362659 0.082459 -3.96513 1.48936 -11.5177 -0.137331 -0.805048 -0.033888
0 10/43/41 0.989689 0.109008 0.0293035 0.0881666 -3.61422 1.51587 -11.9009 -0.142583 -0.733262 -0.035991
0 10/43/41 0.988777 0.111422 0.0211456 0.0972539 -3.59656 1.58628 -12.3303 -0.142665 -0.721118 -0.035865
0 10/43/41 0.988174 0.113948 0.0156363 0.101411 -3.85937 1.81294 -12.7556 -0.163243 -0.766351 -0.026975
0 10/43/41 0.987682 0.116892 0.0154331 0.102866 -4.32105 2.12832 -12.811 -0.211049 -0.842317 -0.022747
0 10/43/41 0.987027 0.120249 0.0160366 0.105173 -4.48901 2.27516 -12.8052 -0.231631 -0.878828 -0.024217
0 10/43/41 0.986704 0.121668 0.0159832 0.106564 -4.58406 2.44913 -12.9852 -0.256932 -0.885792 -0.021596
0 10/43/41 0.986333 0.121865 0.015425 0.109813 -4.5191 2.46375 -13.3332 -0.265447 -0.860345 -0.026607
0 10/43/42 0.985841 0.122139 0.0136943 0.114067 -4.43599 2.59801 -13.7084 -0.283095 -0.845689 -0.0255
0 10/43/42 0.985239 0.123026 0.0118912 0.11844 -4.38701 2.65222 -14.3499 -0.297776 -0.824321 -0.022291
0 10/43/42 0.984623 0.123989 0.00903574 0.122728 -4.49914 2.77161 -14.5558 -0.310022 -0.837025 -0.021342
0 10/43/42 0.983177 0.126726 0.00386572 0.131486 -4.34396 2.68577 -14.3964 -0.286881 -0.819171 -0.02854
0 10/43/42 0.982176 0.128832 -0.00105636 0.136862 -4.39545 2.60624 -14.0744 -0.266302 -0.828428 -0.026416
0 10/43/42 0.98133 0.130151 -0.00481142 0.141524 -4.28918 2.3955 -12.9471 -0.211689 -0.841841 -0.037381
0 10/43/42 0.980438 0.131381 -0.00414913 0.146501 -4.45491 2.44488 -12.5334 -0.208987 -0.865294 -0.041993
0 10/43/42 0.980418 0.129561 -0.000475525 0.148307 -4.32163 2.35462 -12.2046 -0.200311 -0.83708 -0.038853
0 10/43/42 0.980896 0.127671 0.000946089 0.146772 -4.00984 2.10421 -11.759 -0.164226 -0.790901 -0.035354
0 10/43/42 0.981331 0.126473 -0.0010142 0.144888 -4.08362 2.08108 -12.0568 -0.157082 -0.795235 -0.028759
0 10/43/43 0.981415 0.12636 -0.00121492 0.144419 -4.09441 2.11223 -12.0359 -0.156693 -0.790523 -0.026142
0 10/43/43 0.98256 0.122076 -0.000103239 0.140262 -4.20569 2.13918 -11.9997 -0.161934 -0.796518 -0.010821
0 10/43/43 0.982944 0.119411 0.00264824 0.139839 -4.00385 2.01105 -11.6144 -0.161525 -0.779132 -0.018667
0 10/43/43 0.982185 0.122353 0.000298116 0.142623 -3.92023 1.93738 -11.5808 -0.140311 -0.775397 -0.0285
0 10/43/43 0.982116 0.12291 0.000528976 0.142624 -3.9325 1.92656 -11.5827 -0.143963 -0.769191 -0.026137
0 10/43/43 0.982183 0.123144 0.000417724 0.141957 -3.9917 1.89641 -11.733 -0.140589 -0.778492 -0.022901
0 10/43/43 0.982106 0.124736 -0.001142 0.141095 -3.9456 1.80692 -11.6209 -0.119661 -0.770288 -0.022699
0 10/43/43 0.982004 0.127082 -0.00184284 0.139697 -4.25528 2.11842 -11.7783 -0.16809 -0.807345 -0.014017
0 10/43/43 0.98236 0.12966 -0.00223454 0.134732 -4.93659 2.53269 -12.0699 -0.219519 -0.911995 0.003446
0 10/43/43 0.982201 0.132583 -0.00165359 0.133041 -5.3498 2.91263 -12.1498 -0.271094 -0.986627 0.006216
0 10/43/44 0.981814 0.136511 -0.000595852 0.131931 -5.43455 3.00859 -11.712 -0.295515 -1.01013 0.005917
0 10/43/44 0.981094 0.141019 -0.00143093 0.132534 -5.44374 3.07862 -11.922 -0.314196 -1.02035 0.002242
0 10/43/44 0.980854 0.144183 -0.00188514 0.130895 -5.29098 3.01857 -12.2014 -0.310647 -0.988479 0.009302
0 10/43/44 0.981667 0.143869 -0.00457174 0.124946 -5.08468 2.88591 -12.5577 -0.289417 -0.928927 0.026019
0 10/43/44 0.983205 0.141397 -0.0081965 0.115101 -5.00012 2.73404 -12.7733 -0.268454 -0.905057 0.046263
0 10/43/44 0.983668 0.141727 -0.0111443 0.110389 -4.71167 2.55979 -12.8516 -0.257115 -0.880311 0.043986
0 10/43/44 0.983347 0.144223 -0.0132596 0.109787 -4.53133 2.62201 -13.1264 -0.271162 -0.856052 0.046394
0 10/43/44 0.984392 0.143435 -0.0110691 0.101368 -4.36365 2.47564 -13.3298 -0.266628 -0.82063 0.061097
0 10/43/44 0.985273 0.143304 -0.00809564 0.0929234 -4.04621 2.26761 -13.4031 -0.260592 -0.768339 0.06724
0 10/43/44 0.985789 0.143271 -0.00746949 0.0873893 -3.74556 2.10333 -13.1114 -0.237191 -0.718793 0.068713
0 10/43/45 0.986171 0.143908 -0.00858382 0.0817539 -3.73912 2.09772 -13.1368 -0.244338 -0.710533 0.070034
0 10/43/45 0.986168 0.144482 -0.0117444 0.0803744 -3.62207 2.07338 -13.32 -0.238369 -0.693343 0.066132
0 10/43/45 0.986157 0.145254 -0.0156028 0.0784359 -3.47874 1.85812 -13.5322 -0.216628 -0.663084 0.067138
0 10/43/45 0.985872 0.14638 -0.0220404 0.0783801 -3.30255 1.66923 -13.9175 -0.179335 -0.638593 0.055306
0 10/43/45 0.984888 0.148744 -0.0319155 0.0827783 -3.06598 1.56211 -13.9163 -0.158718 -0.597015 0.037777
0 10/43/45 0.983399 0.150768 -0.0443961 0.0906846 -2.87278 1.50319 -13.4846 -0.11166 -0.561518 0.014627
0 10/43/45 0.981978 0.150435 -0.0534137 0.101166 -2.87968 1.53309 -13.4134 -0.096748 -0.541527 -0.000154
0 10/43/45 0.980375 0.148468 -0.0601716 0.114896 -2.95268 1.63216 -13.1431 -0.085291 -0.55357 -0.012405
0 10/43/45 0.978791 0.148116 -0.0644912 0.125978 -3.04456 1.70831 -12.8021 -0.078572 -0.587895 -0.020764
0 10/43/45 0.977254 0.149277 -0.0633249 0.136677 -3.88732 1.98692 -12.5577 -0.084654 -0.764427 -0.027456
0 10/43/46 0.977125 0.1505 -0.0530404 0.140585 -4.11439 2.00042 -12.203 -0.084953 -0.799595 -0.026187
0 10/43/46 0.977895 0.149413 -0.0423825 0.140001 -4.24843 2.02929 -12.2989 -0.089998 -0.826475 -0.019827
0 10/43/46 0.978488 0.149857 -0.0288647 0.13882 -4.36125 1.94809 -12.187 -0.093352 -0.848038 -0.012106
0 10/43/46 0.979328 0.150097 -0.0111147 0.135144 -4.41737 1.85292 -11.8102 -0.09967 -0.865236 -0.002618
0 10/43/46 0.980141 0.150251 0.0081047 0.129162 -4.42563 1.80885 -11.3973 -0.109188 -0.871827 0.00997
0 10/43/46 0.981242 0.150166 0.0328837 0.116335 -4.55008 1.9562 -11.0633 -0.180066 -0.892108 0.029031
0 10/43/46 0.982302 0.149453 0.0570074 0.0974524 -4.44517 1.80347 -10.2753 -0.208403 -0.875806 0.039145
0 10/43/46 0.983845 0.145109 0.075619 0.0726274 -4.25428 1.55557 -9.62546 -0.19622 -0.841589 0.040221
0 10/43/46 0.984855 0.139081 0.0902459 0.0507247 -4.28635 1.40321 -9.39961 -0.207921 -0.829064 0.048507
0 10/43/46 0.985852 0.132824 0.0981027 0.0287912 -4.227 1.15053 -9.15905 -0.196241 -0.80154 0.055349
0 10/43/47 0.98638 0.128643 0.102277 0.00677381 -4.21864 0.883264 -9.15832 -0.182768 -0.793756 0.061769
0 10/43/47 0.986552 0.125299 0.104465 -0.010077 -4.12773 0.785043 -8.67297 -0.183733 -0.777666 0.057793
0 10/43/47 0.986296 0.126381 0.103985 -0.0208445 -4.00126 0.636473 -8.07348 -0.156701 -0.768612 0.059396
0 10/43/47 0.985203 0.12412 0.108453 -0.0469771 -3.7794 0.223047 -7.16813 -0.125061 -0.732141 0.057239
0 10/43/47 0.983606 0.123574 0.110727 -0.0706253 -3.44436 0.0496306 -6.46313 -0.107978 -0.685503 0.056701
0 10/43/47 0.980523 0.124003 0.111985 -0.103233 -3.03816 -0.204042 -5.67095 -0.097388 -0.616546 0.054807
0 10/43/47 0.976563 0.12396 0.1115 -0.136109 -2.34352 -0.61738 -6.10399 -0.053834 -0.50716 0.054938
0 10/43/47 0.973144 0.124442 0.110041 -0.159361 -1.70444 -1.03383 -6.4073 0.009818 -0.397766 0.048417
0 10/43/47 0.968462 0.120268 0.112297 -0.187097 -1.57516 -1.12305 -5.59381 0.015002 -0.35143 0.052905
0 10/43/47 0.961533 0.0981905 0.124276 -0.224427 -1.41623 -1.29696 -5.41962 -0.01539 -0.330357 0.068518
0 10/43/48 0.951291 0.0663115 0.139816 -0.266644 -1.35925 -1.32103 -5.83204 -0.075425 -0.380324 0.084285
0 10/43/48 0.940813 0.0392211 0.149718 -0.301525 -1.56123 -1.16672 -6.18627 -0.127698 -0.464324 0.084752
0 10/43/48 0.935329 0.0302581 0.148784 -0.319543 -1.52375 -0.806426 -6.72333 -0.169658 -0.476584 0.055671
0 10/43/48 0.936266 0.049223 0.114433 -0.328464 -0.614234 -1.02846 -7.44062 -0.048842 -0.425252 -0.027093
0 10/43/48 0.933109 0.0666657 0.0863629 -0.342644 -0.132531 -3.11229 -6.9604 0.367694 -0.376958 -0.048341
0 10/43/48 0.929445 0.0520076 0.111967 -0.347694 -0.479147 -3.72592 -4.39074 0.429909 -0.385101 -0.016353
0 10/43/48 0.928161 0.031873 0.12961 -0.347423 -0.591486 -3.79543 -3.26218 0.427389 -0.385493 0.002168
0 10/43/48 0.92339 0.00579104 0.152296 -0.352313 -0.626099 -3.79775 -3.01237 0.389415 -0.418328 0.024826
0 10/43/48 0.911941 -0.0329921 0.18253 -0.366003 -0.278149 -3.59564 -3.6592 0.299667 -0.39502 0.035047
0 10/43/48 0.900745 -0.0630894 0.197663 -0.381586 0.179344 -2.86923 -4.77645 0.159186 -0.3609 0.036933
0 10/43/49 0.893773 -0.073265 0.199017 -0.395215 0.271517 -2.3537 -5.42239 0.051916 -0.355709 0.033364
0 10/43/49 0.889466 -0.0800692 0.199114 -0.403476 0.0161036 -2.19939 -6.22493 0.028458 -0.423762 0.030286
0 10/43/49 0.888067 -0.0804615 0.19892 -0.406564 -0.0202202 -2.03837 -7.28618 0.033369 -0.442741 0.020181
0 10/43/49 0.885965 -0.0826567 0.198071 -0.411098 0.368061 -1.6068 -7.46846 -0.055633 -0.377041 0.01508
0 10/43/49 0.881514 -0.0908832 0.195693 -0.419974 0.850299 -1.64489 -7.37654 -0.06662 -0.283955 0.020782
0 10/43/49 0.877537 -0.0989869 0.19379 -0.427289 1.35765 -1.73753 -7.52979 -0.052196 -0.222638 0.020634
0 10/43/49 0.8756 -0.105559 0.191701 -0.430618 1.71028 -1.70073 -7.27047 -0.045475 -0.172499 0.018345
0 10/43/49 0.875319 -0.107505 0.190204 -0.431373 1.80474 -1.64955 -6.91795 -0.057536 -0.155973 0.014675
0 10/43/49 0.876068 -0.107574 0.188974 -0.430374 1.82388 -1.59915 -6.91954 -0.053867 -0.154708 0.013314
0 10/43/49 0.875336 -0.108557 0.188082 -0.432004 1.73538 -1.45192 -6.78551 -0.081557 -0.175994 0.012722
0 10/43/50 0.874724 -0.110329 0.186039 -0.433676 1.91172 -1.18413 -6.62952 -0.122504 -0.150858 0.012373
0 10/43/50 0.873854 -0.112168 0.183468 -0.436048 1.94386 -1.01176 -6.45547 -0.148834 -0.153439 0.010501
0 10/43/50 0.873352 -0.11452 0.179893 -0.437928 1.96869 -0.966333 -6.4421 -0.147435 -0.152821 0.005962
0 10/43/50 0.872749 -0.1169 0.176162 -0.440012 2.05705 -1.00859 -6.45197 -0.138018 -0.144999 0.003756
0 10/43/50 0.871078 -0.120825 0.173672 -0.443241 2.19884 -0.934658 -6.38905 -0.140165 -0.123358 0.003341
0 10/43/50 0.86908 -0.125923 0.170585 -0.446928 2.28447 -0.942865 -6.29198 -0.146941 -0.119012 0.003602
0 10/43/50 0.868287 -0.130189 0.166773 -0.448681 2.56038 -0.948575 -6.27235 -0.127538 -0.08992 0.000407
0 10/43/50 0.866725 -0.135837 0.163569 -0.451199 2.62827 -1.02195 -6.06989 -0.112385 -0.080196 0.000462
0 10/43/50 0.864594 -0.141514 0.161221 -0.454377 2.63465 -1.03934 -5.94799 -0.104273 -0.090341 0.000529
0 10/43/50 0.864235 -0.145714 0.157024 -0.455202 2.71208 -1.05252 -5.82199 -0.086164 -0.090956 -0.001982
0 10/43/51 0.862942 -0.150319 0.153955 -0.457202 2.82305 -1.10696 -5.72092 -0.075147 -0.076721 -0.00312
0 10/43/51 0.860958 -0.156401 0.151346 -0.459766 2.89116 -1.07101 -5.62402 -0.068135 -0.076183 -0.00314
0 10/43/51 0.858741 -0.161177 0.149645 -0.462809 2.756 -1.10782 -5.60375 -0.059182 -0.1 -0.002786
0 10/43/51 0.856992 -0.162501 0.152128 -0.464774 2.08269 -1.48659 -5.61308 0.02289 -0.237185 -0.006353
0 10/43/51 0.855589 -0.159424 0.161836 -0.465146 1.21381 -1.93772 -6.3033 0.108115 -0.394743 -0.016373
0 10/43/51 0.854584 -0.156315 0.171564 -0.464562 0.606333 -2.4071 -6.81557 0.185104 -0.504624 -0.023921
0 10/43/51 0.855618 -0.151309 0.177225 -0.462184 0.18061 -2.79308 -7.06679 0.234686 -0.566506 -0.021876
0 10/43/51 0.857682 -0.144319 0.182307 -0.458605 -0.108391 -3.06863 -7.14055 0.266092 -0.60894 -0.019648
0 10/43/51 0.859595 -0.138144 0.188027 -0.454598 -0.0543399 -3.07669 -7.13093 0.258545 -0.584144 -0.018202
0 10/43/51 0.861942 -0.131235 0.190366 -0.451215 -0.419745 -2.97686 -7.32819 0.232099 -0.635987 -0.017471
0 10/43/52 0.864186 -0.123838 0.193154 -0.447814 -0.481554 -3.05367 -7.63305 0.23873 -0.63315 -0.022048
0 10/43/52 0.866124 -0.116888 0.195604 -0.444866 -0.722078 -3.21792 -7.94208 0.261415 -0.66138 -0.023816
0 10/43/52 0.868132 -0.109461 0.198539 -0.441529 -1.05289 -3.28875 -8.34796 0.272419 -0.710054 -0.027214
0 10/43/52 0.870743 -0.101766 0.200142 -0.437484 -1.2846 -3.32649 -8.80395 0.274787 -0.725095 -0.027791
0 10/43/52 0.872237 -0.0958205 0.202082 -0.434954 -1.56735 -3.415 -8.8987 0.290821 -0.759368 -0.029092
0 10/43/52 0.873588 -0.0910622 0.204331 -0.432204 -1.75481 -3.45467 -8.93004 0.294483 -0.785189 -0.027309
0 10/43/52 0.874136 -0.0882378 0.206581 -0.430609 -2.03631 -3.48586 -8.81832 0.30078 -0.820447 -0.026713
0 10/43/52 0.874982 -0.0847141 0.209485 -0.428189 -2.47026 -3.5146 -9.10462 0.30112 -0.888213 -0.025843
0 10/43/52 0.874857 -0.0822925 0.214073 -0.426644 -2.79286 -3.61495 -9.05974 0.319014 -0.931542 -0.023889
0 10/43/52 0.875023 -0.0796349 0.218657 -0.424478 -3.04976 -3.61189 -9.11529 0.318564 -0.957763 -0.02131
0 10/43/53 0.873886 -0.0787383 0.223934 -0.424237 -3.17356 -3.52769 -8.99647 0.297758 -0.966796 -0.014179
0 10/43/53 0.872043 -0.0781222 0.229129 -0.425367 -3.12135 -3.45759 -8.73027 0.272205 -0.960306 -0.007832
0 10/43/53 0.870556 -0.0794066 0.234011 -0.425518 -3.00759 -3.36824 -8.77688 0.253453 -0.935982 -0.004585
0 10/43/53 0.869245 -0.0812982 0.238288 -0.425467 -2.93175 -3.37422 -8.65677 0.250253 -0.921885 -0.002655
0 10/43/53 0.867994 -0.0834384 0.241336 -0.425889 -2.9864 -3.29407 -8.69833 0.233841 -0.925205 -0.000778
0 10/43/53 0.867466 -0.0850958 0.243207 -0.425573 -2.90034 -3.18768 -8.7451 0.216015 -0.92342 -0.001454
0 10/43/53 0.867714 -0.0862705 0.243402 -0.424718 -2.87996 -3.06213 -8.84131 0.202083 -0.912171 -0.002229
0 10/43/53 0.867655 -0.0876515 0.243684 -0.424393 -3.03888 -3.00888 -8.89658 0.195561 -0.934263 -0.003037
0 10/43/53 0.866879 -0.0898284 0.245329 -0.424577 -3.20682 -2.95471 -9.13724 0.190852 -0.967056 -0.002832
0 10/43/53 0.866304 -0.0911895 0.247057 -0.424458 -3.26321 -2.96936 -9.05162 0.193991 -0.981631 -0.004184
0 10/43/54 0.866493 -0.0911533 0.24912 -0.422871 -3.3162 -3.07519 -8.82593 0.207314 -0.987627 -0.008906
0 10/43/54 0.867249 -0.0900684 0.250659 -0.42064 -3.43363 -3.08067 -8.80085 0.213471 -1.00782 -0.011983
0 10/43/54 0.867411 -0.0897554 0.252465 -0.41929 -3.52145 -3.11061 -8.75505 0.215366 -1.01995 -0.012286
0 10/43/54 0.868376 -0.0885588 0.252843 -0.417314 -3.57018 -3.15235 -8.78072 0.224604 -1.02807 -0.013964
0 10/43/54 0.870148 -0.0871093 0.252159 -0.414331 -3.494 -3.32311 -8.56294 0.257438 -1.00614 -0.019746
0 10/43/54 0.870725 -0.0868917 0.252263 -0.413098 -3.45546 -3.47963 -8.40504 0.275428 -1.0039 -0.02129
0 10/43/54 0.87195 -0.0855458 0.252372 -0.410722 -3.47615 -3.46489 -8.40832 0.285802 -1.01237 -0.025088
0 10/43/54 0.873342 -0.0861364 0.251517 -0.408158 -3.20156 -3.36346 -8.63256 0.268814 -0.95823 -0.025633
0 10/43/54 0.876365 -0.0867944 0.250517 -0.40211 -2.99186 -3.2478 -9.13146 0.254959 -0.905935 -0.041435
0 10/43/54 0.891763 -0.0828964 0.246641 -0.370209 -2.33944 -2.74552 -9.6331 0.197057 -0.774862 -0.061466
0 10/43/55 0.90739 -0.0751414 0.245016 -0.333112 -1.86923 -2.4168 -9.44036 0.148047 -0.667321 -0.070719
0 10/43/55 0.921397 -0.0652003 0.247571 -0.292378 -1.53019 -2.11339 -9.19366 0.095425 -0.581835 -0.068768
0 10/43/55 0.932858 -0.0560462 0.248886 -0.254344 -1.25826 -1.97525 -8.67356 0.07124 -0.51932 -0.073752
0 10/43/55 0.944068 -0.048304 0.247325 -0.212681 -1.00834 -1.80017 -8.40968 0.057028 -0.44971 -0.07695
0 10/43/55 0.951919 -0.0436151 0.244861 -0.178862 -0.998502 -1.55532 -8.35139 0.025009 -0.430055 -0.083855
0 10/43/55 0.958277 -0.0371539 0.242337 -0.14696 -1.02312 -1.31518 -8.37068 -0.011971 -0.411816 -0.089729
0 10/43/55 0.96394 -0.0303043 0.238746 -0.113582 -0.868469 -1.10489 -8.57325 -0.041968 -0.377618 -0.08907
0 10/43/55 0.968575 -0.0245937 0.23295 -0.0836172 -0.696334 -0.848669 -8.47116 -0.075286 -0.331236 -0.084974
0 10/43/55 0.972523 -0.0207571 0.224506 -0.0580146 -0.388115 -0.626091 -8.62259 -0.110664 -0.271233 -0.078044
0 10/43/55 0.97537 -0.0221585 0.215488 -0.0415698 -0.232052 -0.551144 -8.46025 -0.122617 -0.250523 -0.07171
0 10/43/56 0.978809 -0.0244877 0.201913 -0.0237469 -0.290876 -0.457853 -8.65447 -0.118638 -0.27246 -0.074633
0 10/43/56 0.980877 -0.0201076 0.193284 -0.0108093 -0.618431 -0.434082 -8.71333 -0.102566 -0.334048 -0.076399
0 10/43/56 0.981783 -0.0153376 0.189383 0.00132812 -0.902767 -0.258671 -9.1359 -0.120858 -0.367318 -0.079642
0 10/43/56 0.982212 -0.0107474 0.187008 0.0131525 -0.966226 -0.132075 -9.29757 -0.140847 -0.375341 -0.077931
0 10/43/56 0.98254 -0.00777752 0.184647 0.0214328 -1.0047 0.00208772 -9.2593 -0.159661 -0.381162 -0.080037
0 10/43/56 0.982781 -0.00359259 0.182235 0.030323 -1.07076 -0.0410081 -9.25836 -0.149766 -0.383746 -0.083266
0 10/43/56 0.983064 -0.000733501 0.177422 0.0458879 -0.977712 -0.109258 -9.38778 -0.127191 -0.354647 -0.084525
0 10/43/56 0.983321 0.00292846 0.171729 0.0598393 -1.00014 0.157058 -9.59891 -0.166155 -0.363177 -0.080034
0 10/43/56 0.98388 0.00634779 0.163617 0.0718943 -1.10211 0.432972 -9.84181 -0.206067 -0.375527 -0.076159
0 10/43/56 0.985418 0.010776 0.15134 0.0770162 -1.27042 0.536431 -9.73533 -0.194706 -0.402252 -0.077215
0 10/43/57 0.986998 0.0173247 0.140151 0.0767668 -2.06337 0.388267 -9.28995 -0.146871 -0.563817 -0.073819
0 10/43/57 0.986642 0.0260617 0.13839 0.0818933 -1.97393 -0.15753 -8.72155 -0.026511 -0.557819 -0.086781
0 10/43/57 0.986002 0.0276636 0.138218 0.0890587 -1.95526 0.0770394 -9.22803 -0.073286 -0.54801 -0.077734
0 10/43/57 0.985646 0.027037 0.140007 0.0903868 -2.11739 0.262194 -9.73018 -0.11627 -0.56279 -0.074317
0 10/43/57 0.986122 0.0274901 0.135622 0.0917248 -1.96715 0.171988 -9.43628 -0.091264 -0.537683 -0.076508
0 10/43/57 0.986863 0.0304996 0.128247 0.0934003 -1.83451 0.168433 -9.41231 -0.077068 -0.531571 -0.078427
0 10/43/57 0.987488 0.0338212 0.120079 0.096456 -2.05131 0.203168 -9.58506 -0.066601 -0.565369 -0.079095
0 10/43/57 0.98816 0.0367314 0.111995 0.098221 -2.5871 0.358789 -9.68275 -0.078192 -0.651527 -0.077891
0 10/43/57 0.988441 0.0444212 0.105463 0.0994397 -3.16395 0.236184 -9.38245 -0.035277 -0.766971 -0.078501
0 10/43/57 0.987168 0.0540035 0.104091 0.108392 -3.53702 0.0168514 -8.99184 0.024864 -0.815888 -0.081413
0 10/43/58 0.984027 0.0667969 0.107338 0.125333 -4.04566 0.0736581 -8.53451 0.031128 -0.900545 -0.08167
0 10/43/58 0.979163 0.0800052 0.117664 0.144896 -4.32036 0.032724 -8.38435 0.045004 -0.921447 -0.081529
0 10/43/58 0.974755 0.0897051 0.132346 0.155854 -4.60785 0.211863 -8.34706 0.020786 -0.949254 -0.078328
0 10/43/58 0.970191 0.0986887 0.145422 0.166861 -4.84411 0.154349 -8.43291 0.023128 -0.95695 -0.07985
0 10/43/58 0.96547 0.108066 0.153535 0.180601 -4.95869 -0.0605314 -8.26564 0.07122 -0.972925 -0.085748
0 10/43/58 0.961756 0.114684 0.157275 0.19271 -5.02229 -0.101542 -8.06542 0.089267 -0.971896 -0.087844
0 10/43/58 0.958655 0.117787 0.161134 0.202837 -5.2203 -0.0191865 -8.14566 0.074598 -1.00358 -0.086687
0 10/43/58 0.956084 0.120993 0.163666 0.210895 -5.34875 -0.0395335 -8.02536 0.089343 -1.01548 -0.085767
0 10/43/58 0.954347 0.12354 0.166 0.215416 -5.5315 0.00408904 -7.88602 0.086553 -1.0369 -0.083033
0 10/43/58 0.951773 0.129014 0.167611 0.22224 -5.7248 0.128897 -8.06096 0.067194 -1.05843 -0.081967
0 10/43/59 0.947919 0.137149 0.168801 0.232695 -5.89326 0.328158 -8.447 0.053537 -1.07988 -0.080094
0 10/43/59 0.943417 0.144523 0.170586 0.244905 -5.98725 0.385309 -8.88677 0.047645 -1.07551 -0.080627
0 10/43/59 0.939512 0.150125 0.171005 0.256001 -5.74674 0.366718 -9.18279 0.060852 -1.04186 -0.079326
0 10/43/59 0.938302 0.151233 0.169313 0.260865 -5.58314 0.306575 -9.57339 0.059789 -0.998397 -0.08059
0 10/43/59 0.936919 0.15235 0.163061 0.269041 -5.45437 0.309495 -10.0376 0.070892 -0.980979 -0.088175
0 10/43/59 0.934438 0.154819 0.156951 0.279684 -5.57768 0.412378 -10.4535 0.061237 -0.992873 -0.089755
0 10/43/59 0.931309 0.157147 0.152296 0.29116 -5.41895 0.496626 -10.6447 0.059093 -0.982312 -0.090304
0 10/43/59 0.929388 0.156081 0.153308 0.297277 -5.27966 0.485861 -11.0588 0.056141 -0.939226 -0.089073
0 10/43/59 0.929551 0.153146 0.153718 0.298081 -5.0406 0.686692 -11.3287 0.026803 -0.889513 -0.08181
0 10/43/59 0.929987 0.151447 0.151267 0.29884 -5.0219 0.833801 -11.4022 0.010642 -0.883612 -0.079581
0 10/44/0 0.929609 0.152251 0.145979 0.30222 -4.92252 0.944077 -11.614 -0.00218 -0.868898 -0.079228
0 10/44/0 0.929811 0.152337 0.142961 0.302998 -4.99911 1.02142 -11.8364 -0.020421 -0.865111 -0.076855
0 10/44/0 0.92938 0.155732 0.1363 0.305652 -5.05994 1.05786 -11.9252 -0.015775 -0.892204 -0.077884
0 10/44/0 0.92957 0.157837 0.13259 0.305627 -5.03685 1.05932 -11.8083 -0.015913 -0.886176 -0.071733
0 10/44/0 0.930167 0.158287 0.132874 0.303445 -5.03192 1.14253 -11.9823 -0.027843 -0.880737 -0.065212
0 10/44/0 0.930742 0.158625 0.132823 0.301522 -4.99672 1.15955 -12.0166 -0.030895 -0.870375 -0.061991
0 10/44/0 0.931466 0.160398 0.130019 0.299563 -4.91228 1.1046 -12.1024 -0.021939 -0.86053 -0.05962
0 10/44/0 0.932236 0.160842 0.127568 0.29798 -4.89182 1.06368 -12.0363 -0.0159 -0.853923 -0.057204
0 10/44/0 0.932989 0.160554 0.127117 0.295966 -4.84489 1.05042 -11.9948 -0.016026 -0.840012 -0.055468
0 10/44/0 0.933581 0.160917 0.125247 0.294695 -4.87353 0.995465 -11.9757 -0.005079 -0.85551 -0.054296
0 10/44/1 0.933899 0.161487 0.123531 0.294101 -4.79997 0.932901 -11.5928 0.012665 -0.847572 -0.054534
0 10/44/1 0.934478 0.160908 0.123451 0.292609 -4.80465 0.957859 -11.5271 0.009243 -0.843292 -0.053378
0 10/44/1 0.935795 0.159775 0.12386 0.288823 -4.84205 0.978288 -11.3492 0.000116 -0.846931 -0.046086
0 10/44/1 0.937593 0.158156 0.123956 0.283797 -4.92202 0.982427 -11.0586 0.00225 -0.867791 -0.04112
0 10/44/1 0.937398 0.158259 0.123879 0.284417 -5.04343 0.908116 -10.9543 0.01115 -0.900237 -0.049182
0 10/44/1 0.934193 0.161105 0.123165 0.293528 -5.00533 0.709646 -10.8032 0.049953 -0.907346 -0.066635
0 10/44/1 0.933651 0.159507 0.126597 0.294665 -5.09257 0.807184 -10.8606 0.030776 -0.909136 -0.062541
0 10/44/1 0.934108 0.156615 0.130575 0.293027 -5.25605 0.945556 -10.8977 0.013936 -0.946671 -0.056889
0 10/44/1 0.933983 0.15586 0.133795 0.292372 -5.11991 0.972871 -10.705 0.002383 -0.926882 -0.056091
0 10/44/1 0.934185 0.154254 0.135435 0.291825 -5.01025 0.99571 -10.5282 -0.003566 -0.909508 -0.055416
0 10/44/2 0.93416 0.153299 0.137368 0.291504 -4.98795 1.08053 -10.5007 -0.01541 -0.912884 -0.053773
0 10/44/2 0.933955 0.152674 0.140179 0.291149 -4.97502 1.02897 -10.484 -0.015233 -0.901532 -0.054354
0 10/44/2 0.934131 0.151503 0.141709 0.290454 -4.89594 0.994277 -10.326 -0.011303 -0.889907 -0.052477
0 10/44/2 0.934174 0.151283 0.141088 0.290733 -4.77376 1.06129 -10.2908 -0.031901 -0.865108 -0.055339
0 10/44/2 0.933765 0.153454 0.137012 0.292854 -4.51541 1.05096 -10.1951 -0.03904 -0.827102 -0.059948
0 10/44/2 0.933814 0.156408 0.131828 0.293511 -4.41144 1.10195 -10.1199 -0.050151 -0.813453 -0.059482
0 10/44/2 0.934338 0.158556 0.125769 0.293352 -4.43522 0.985372 -10.1086 -0.028959 -0.820583 -0.059552
0 10/44/2 0.934105 0.160436 0.123178 0.294169 -4.60403 0.993904 -10.1657 -0.012313 -0.856639 -0.05988
0 10/44/2 0.933792 0.159504 0.126743 0.294157 -4.66033 1.1834 -10.3788 -0.04029 -0.84904 -0.057102
0 10/44/2 0.933542 0.158375 0.131137 0.293631 -4.67599 1.26067 -10.4076 -0.047487 -0.855919 -0.056171
0 10/44/3 0.933207 0.157952 0.135179 0.293089 -4.66563 1.25953 -10.3593 -0.048591 -0.853788 -0.054421
0 10/44/3 0.932504 0.157781 0.1411 0.29263 -4.75556 1.36316 -10.462 -0.066678 -0.874128 -0.050036
0 10/44/3 0.932188 0.156308 0.15117 0.289381 -4.75357 1.39609 -10.637 -0.087315 -0.860957 -0.042649
0 10/44/3 0.931865 0.154791 0.159777 0.286598 -4.7061 1.3719 -10.6867 -0.094145 -0.849615 -0.038054
0 10/44/3 0.931496 0.153491 0.165829 0.285055 -4.62369 1.2637 -10.7335 -0.08649 -0.838345 -0.038409
0 10/44/3 0.930606 0.153005 0.170399 0.285528 -4.54829 1.20567 -10.7814 -0.080322 -0.827393 -0.039354
0 10/44/3 0.929997 0.151779 0.177064 0.284107 -4.58426 1.21042 -10.8837 -0.089401 -0.822518 -0.035982
0 10/44/3 0.929149 0.15028 0.183544 0.283566 -4.53301 1.1942 -10.9184 -0.102479 -0.81679 -0.035401
0 10/44/3 0.928276 0.149176 0.190461 0.282446 -4.46311 1.13578 -10.7963 -0.098366 -0.804744 -0.034068
0 10/44/3 0.927683 0.147416 0.197784 0.280276 -4.39668 1.06307 -10.6509 -0.096591 -0.797181 -0.031889
0 10/44/4 0.926883 0.145402 0.20594 0.278092 -4.3327 1.00209 -10.4895 -0.09574 -0.785656 -0.029977
0 10/44/4 0.926068 0.142268 0.216138 0.274669 -4.30244 0.924227 -10.2511 -0.103156 -0.76925 -0.026787
0 10/44/4 0.92531 0.138176 0.226074 0.271291 -4.34347 0.98548 -10.2894 -0.128786 -0.770882 -0.024235
0 10/44/4 0.924916 0.134565 0.233647 0.268013 -4.36062 0.988251 -10.3715 -0.140908 -0.777765 -0.024552
0 10/44/4 0.924683 0.133646 0.237723 0.265683 -4.28248 0.900747 -10.4246 -0.132695 -0.76212 -0.028508
0 10/44/4 0.924832 0.133909 0.237693 0.265057 -4.28295 0.86057 -10.285 -0.12082 -0.754546 -0.028592
0 10/44/4 0.926379 0.133241 0.234284 0.263021 -4.33675 0.925498 -9.98887 -0.125682 -0.756211 -0.026803
0 10/44/4 0.928577 0.134476 0.227088 0.260946 -4.37663 0.902964 -9.66838 -0.110409 -0.761558 -0.027244
0 10/44/4 0.932264 0.135633 0.221981 0.251418 -4.87984 1.11683 -9.45447 -0.12707 -0.84403 -0.014206
0 10/44/4 0.938737 0.133239 0.221436 0.228004 -5.25566 0.856004 -8.91114 -0.091565 -0.91976 -0.015891
0 10/44/5 0.943844 0.130522 0.226374 0.202182 -5.58195 0.540207 -8.32027 -0.056475 -0.979646 -0.022049
0 10/44/5 0.947747 0.126169 0.2394 0.168948 -5.619 0.0987691 -7.9893 -0.022958 -0.978863 -0.02094
0 10/44/5 0.952119 0.11277 0.257984 0.119149 -5.29782 -0.6981 -7.51194 0.032385 -0.926044 -0.021935
0 10/44/5 0.955532 0.0891318 0.274965 0.0583797 -4.87896 -1.43819 -6.77886 0.10209 -0.885525 -0.022915
0 10/44/5 0.954116 0.0615411 0.293006 -0.00477783 -4.37202 -1.91319 -6.76618 0.10361 -0.815985 -0.015282
0 10/44/5 0.94915 0.0374659 0.307327 -0.0571042 -3.94606 -2.22907 -7.10299 0.09649 -0.780101 -0.003122
0 10/44/5 0.939417 0.00703464 0.321299 -0.11922 -3.32938 -2.43996 -7.22638 0.063602 -0.698742 0.022155
0 10/44/5 0.929097 -0.0204826 0.324958 -0.175389 -2.37264 -2.61805 -6.90642 0.069482 -0.582006 0.046486
0 10/44/5 0.917497 -0.0433836 0.327496 -0.221502 -1.60262 -2.42294 -7.01356 -0.004884 -0.487228 0.072909
0 10/44/5 0.909414 -0.0551087 0.327903 -0.249818 -1.01947 -2.21612 -7.13341 -0.069043 -0.402292 0.087668
0 10/44/6 0.906569 -0.0598307 0.325014 -0.262524 -0.38601 -1.95931 -7.08042 -0.116418 -0.296974 0.094371
0 10/44/6 0.905172 -0.063489 0.321799 -0.270328 -0.133572 -1.89157 -6.79301 -0.13475 -0.267562 0.090068
0 10/44/6 0.904257 -0.0686353 0.317829 -0.276756 -0.0870913 -1.85367 -6.47929 -0.133778 -0.293231 0.076611
0 10/44/6 0.902825 -0.0794532 0.313379 -0.283529 -0.317255 -2.0598 -6.67546 -0.091688 -0.35859 0.064921
0 10/44/6 0.901745 -0.0866062 0.312833 -0.285465 -0.453612 -2.05058 -6.55284 -0.081465 -0.394517 0.060248
0 10/44/6 0.902001 -0.0891237 0.310134 -0.286823 -0.438193 -1.80495 -6.45318 -0.115076 -0.391115 0.057633
0 10/44/6 0.900876 -0.0924286 0.309124 -0.290382 -0.539201 -1.56468 -6.37802 -0.1479 -0.42399 0.052995
0 10/44/6 0.900024 -0.0943076 0.30823 -0.293355 -0.674766 -1.31946 -6.3719 -0.185499 -0.465637 0.0488
0 10/44/6 0.899162 -0.0953991 0.30688 -0.297038 -0.922456 -1.10358 -6.21686 -0.210285 -0.511077 0.043506
0 10/44/6 0.899151 -0.0935708 0.303252 -0.301349 -1.36387 -1.13931 -6.38265 -0.194165 -0.60513 0.033756
0 10/44/7 0.897582 -0.0916026 0.300678 -0.30911 -1.67838 -1.51553 -6.71923 -0.126736 -0.674531 0.023462
0 10/44/7 0.894186 -0.0940728 0.301207 -0.317577 -1.79184 -1.74633 -7.03841 -0.082527 -0.705709 0.018835
0 10/44/7 0.890524 -0.0988525 0.30306 -0.324577 -1.85952 -1.87966 -7.17668 -0.056934 -0.728931 0.016437
0 10/44/7 0.888387 -0.101314 0.301502 -0.331059 -1.5243 -1.88933 -7.38159 -0.059746 -0.679793 0.015631
0 10/44/7 0.887172 -0.105553 0.297084 -0.336935 -0.855691 -1.90334 -7.4373 -0.057516 -0.570901 0.015505
0 10/44/7 0.884357 -0.113702 0.293771 -0.344504 -0.629394 -2.17319 -7.50146 -0.028935 -0.54821 0.010224
0 10/44/7 0.882776 -0.120329 0.289669 -0.349742 -0.103997 -2.51518 -7.03767 0.037827 -0.475058 0.005584
0 10/44/7 0.880966 -0.126878 0.285196 -0.355619 0.279936 -2.60875 -6.67719 0.058319 -0.410367 0.005616
0 10/44/7 0.879148 -0.129394 0.284544 -0.359708 -0.320525 -2.61427 -6.7943 0.069935 -0.543821 -0.000392
0 10/44/7 0.878222 -0.125687 0.287453 -0.36097 -1.10766 -2.69356 -6.78991 0.089498 -0.682546 -0.005379
0 10/44/8 0.878549 -0.119957 0.289689 -0.360337 -1.74068 -2.92843 -6.70325 0.138398 -0.792776 -0.01204
0 10/44/8 0.878394 -0.114802 0.293457 -0.359343 -2.05093 -3.26567 -6.79399 0.193117 -0.835236 -0.014367
0 10/44/8 0.879049 -0.111954 0.295028 -0.357348 -2.28292 -3.56554 -6.74746 0.235621 -0.874894 -0.016469
0 10/44/8 0.880648 -0.108481 0.295465 -0.354105 -2.38681 -3.85404 -6.49625 0.284923 -0.877908 -0.019915
0 10/44/8 0.88315 -0.103533 0.294924 -0.34978 -2.47424 -3.96877 -6.28599 0.308556 -0.889765 -0.023012
0 10/44/8 0.884713 -0.100245 0.294588 -0.347063 -2.61585 -4.09345 -6.49522 0.318509 -0.905275 -0.024639
0 10/44/8 0.885972 -0.0969234 0.295019 -0.344416 -2.75206 -4.15398 -6.39604 0.335904 -0.916798 -0.028232
0 10/44/8 0.887764 -0.0934171 0.295338 -0.340476 -2.82424 -4.23577 -6.30915 0.347791 -0.9172 -0.030286
0 10/44/8 0.8891 -0.0907571 0.294885 -0.338094 -2.78375 -4.28224 -6.23538 0.357016 -0.907738 -0.031661
0 10/44/8 0.890375 -0.0878465 0.294788 -0.335582 -2.73957 -4.33258 -5.83194 0.371299 -0.894679 -0.033587
0 10/44/9 0.891551 -0.0855144 0.294897 -0.332955 -2.59375 -4.31283 -5.7426 0.362424 -0.869697 -0.033499
0 10/44/9 0.891712 -0.085313 0.294926 -0.332551 -2.53343 -4.47031 -5.44444 0.373345 -0.855291 -0.032839
0 10/44/9 0.893979 -0.0808117 0.294 -0.328382 -2.49043 -4.47912 -5.18109 0.395881 -0.836616 -0.034635
0 10/44/9 0.895543 -0.0784522 0.292653 -0.325887 -2.46321 -4.37586 -5.09227 0.384157 -0.830363 -0.03452
0 10/44/9 0.895373 -0.0792966 0.292314 -0.326454 -2.51876 -4.37481 -5.09383 0.369753 -0.839906 -0.033559
0 10/44/9 0.896594 -0.078573 0.290806 -0.32462 -2.53187 -4.41552 -4.80374 0.381346 -0.840515 -0.036785
0 10/44/9 0.898953 -0.0761865 0.288986 -0.32026 -2.36877 -4.33336 -4.39151 0.379381 -0.810229 -0.03596
0 10/44/9 0.898611 -0.0772764 0.289753 -0.320264 -2.35938 -4.34585 -4.33401 0.362922 -0.802911 -0.032214
0 10/44/9 0.898882 -0.0778127 0.289768 -0.319361 -2.43145 -4.41998 -4.28168 0.367258 -0.818794 -0.034626
0 10/44/9 0.901489 -0.0739053 0.288169 -0.314347 -2.38459 -4.40219 -4.09567 0.385217 -0.805724 -0.037433
0 10/44/10 0.904639 -0.0692044 0.28624 -0.308067 -2.36232 -4.28727 -4.17906 0.378313 -0.783486 -0.037224
0 10/44/10 0.904935 -0.0688247 0.286186 -0.307333 -2.34486 -4.32236 -4.1685 0.362226 -0.781309 -0.036079
0 10/44/10 0.906201 -0.0659757 0.285837 -0.304538 -2.4483 -4.29514 -4.15314 0.361033 -0.79456 -0.035952
0 10/44/10 0.906676 -0.0632089 0.286568 -0.303022 -2.28339 -4.28788 -3.89476 0.358694 -0.768031 -0.031826
0 10/44/10 0.907884 -0.0589006 0.28743 -0.299434 -2.16237 -4.24174 -3.63055 0.354425 -0.733595 -0.027976
0 10/44/10 0.909009 -0.055581 0.288049 -0.296044 -2.03891 -4.21362 -3.30573 0.344821 -0.701303 -0.024562
0 10/44/10 0.908851 -0.0535495 0.289405 -0.295578 -1.97962 -4.25069 -2.94644 0.344731 -0.695152 -0.024157
0 10/44/10 0.910125 -0.0501671 0.29034 -0.291304 -1.97315 -4.27427 -2.75651 0.347016 -0.682659 -0.023947
0 10/44/10 0.911461 -0.0477218 0.291253 -0.286587 -1.74756 -4.12717 -2.67871 0.330504 -0.639872 -0.024363
0 10/44/10 0.911932 -0.0482828 0.28993 -0.286337 -1.53122 -3.96751 -2.78707 0.309312 -0.610089 -0.025065
0 10/44/11 0.913712 -0.0478138 0.288387 -0.282272 -1.48365 -3.79385 -2.8922 0.275844 -0.601205 -0.029701
0 10/44/11 0.918456 -0.0437239 0.284465 -0.271305 -1.43623 -3.59922 -2.39476 0.245317 -0.589868 -0.033948
0 10/44/11 0.923915 -0.0371989 0.27859 -0.259587 -1.45049 -3.54744 -1.8425 0.24766 -0.572797 -0.033479
0 10/44/11 0.927911 -0.030519 0.273783 -0.251183 -1.47842 -3.49512 -1.33242 0.249361 -0.559681 -0.032262
0 10/44/11 0.93089 -0.0265327 0.273008 -0.241261 -1.41117 -3.3608 -1.26069 0.23017 -0.549246 -0.030588
0 10/44/11 0.932937 -0.0287251 0.275075 -0.230516 -1.45876 -3.24487 -1.2261 0.215327 -0.556778 -0.033806
0 10/44/11 0.937847 -0.0259059 0.272661 -0.213136 -1.31225 -3.05747 -1.20451 0.201364 -0.531025 -0.037397
0 10/44/11 0.942272 -0.0267127 0.269846 -0.196453 -1.35425 -3.00521 -1.37183 0.190187 -0.533395 -0.041584
0 10/44/11 0.947454 -0.0259185 0.264255 -0.178405 -1.52186 -2.9286 -0.877873 0.188002 -0.545059 -0.043939
0 10/44/11 0.95846 -0.0157549 0.248241 -0.139578 -2.01314 -2.69986 -0.680593 0.171091 -0.588947 -0.042629
0 10/44/12 0.968382 -0.0010173 0.235236 -0.0830657 -2.45474 -2.15697 -0.539869 0.129018 -0.611168 -0.043568
0 10/44/12 0.973785 0.0267204 0.224534 -0.0247708 -2.7075 -1.5504 -0.839362 0.087814 -0.605309 -0.04529
0 10/44/12 0.977211 0.0537437 0.205161 0.00895873 -2.85318 -1.28544 -0.92846 0.095102 -0.597077 -0.046371
0 10/44/12 0.978647 0.0556437 0.197356 0.0143045 -2.91901 -1.22268 -0.621508 0.080421 -0.610129 -0.046856
0 10/44/12 0.979167 0.0555578 0.194847 0.01344 -2.8676 -1.22741 -0.534601 0.081817 -0.610358 -0.046786
0 10/44/12 0.979583 0.0587144 0.191905 0.0119442 -2.90703 -1.16946 -0.646904 0.07818 -0.607852 -0.044748
0 10/44/12 0.979983 0.0600913 0.189617 0.00824023 -2.9115 -1.20822 -0.688322 0.080693 -0.603025 -0.043562
0 10/44/12 0.980514 0.0624293 0.186118 0.00744032 -2.90951 -1.18017 -0.676271 0.084393 -0.60494 -0.044808
0 10/44/12 0.980559 0.0602562 0.186626 0.00668181 -2.9273 -1.17324 -0.594253 0.078772 -0.607131 -0.042416
0 10/44/12 0.979844 0.060733 0.190244 0.00500949 -2.87345 -1.18571 -0.677019 0.073337 -0.596482 -0.03887
0 10/44/13 0.980994 0.0610482 0.184165 0.00284282 -2.81271 -1.22694 -0.647599 0.088854 -0.611454 -0.046993
0 10/44/13 0.981132 0.0609816 0.18341 0.00472737 -2.86209 -1.11606 -0.530823 0.078686 -0.609828 -0.044035
0 10/44/13 0.979831 0.0596154 0.190709 0.00274257 -2.9155 -1.17471 -0.700336 0.068856 -0.600824 -0.036757
0 10/44/13 0.980793 0.0599181 0.185599 -0.00287332 -2.82379 -1.35691 -0.722093 0.099295 -0.600831 -0.041612
